2 0 3 1 2 1
3 0 4 2 2 2
4 0 5 3 2 3
5 0 6 4 2 4
6 0 7 5 2 5
7 0 8 6 2 6
8 0 9 7 2 7
9 0 10 8 2 8
10 0 11 9 2 9
11 0 12 10 2 10
12 0 13 11 2 11
13 0 14 12 2 12
14 0 15 13 2 13
15 0 16 14 2 14
16 0 17 15 2 15
17 0 18 16 2 16
18 0 19 17 2 17
19 0 20 18 2 18
20 0 21 19 2 19
21 0 22 20 2 20
22 0 23 21 2 21
23 0 24 22 2 22
24 0 25 23 2 23
25 0 26 24 2 24
26 0 27 25 2 25
27 0 28 26 2 26
28 0 29 27 2 27
29 0 30 28 2 28
30 0 31 29 2 29
31 0 32 30 2 30
32 0 33 31 2 31
33 0 34 32 2 32
34 0 35 33 2 33
35 0 36 34 2 34
36 0 37 35 2 35
37 0 38 36 2 36
38 0 39 37 2 37
39 0 40 38 2 38
40 0 41 39 2 39
41 0 42 40 2 40
42 0 43 41 2 41
43 0 44 42 2 42
44 0 45 43 2 43
45 0 46 44 2 44
46 0 47 45 2 45
47 0 48 46 2 46
48 0 49 47 2 47
49 0 50 48 2 48
50 0 51 49 2 49
51 0 52 50 2 50
52 0 53 51 2 51
53 0 54 52 2 52
54 0 55 53 2 53
55 0 56 54 2 54
56 0 57 55 2 55
57 0 58 56 2 56
58 0 59 57 2 57
59 0 60 58 2 58
60 0 61 59 2 59
61 0 62 60 2 60
62 0 63 61 2 61
63 0 64 62 2 62
64 0 65 63 2 63
65 0 66 64 2 64
66 0 67 65 2 65
67 0 68 66 2 66
68 0 69 67 2 67
69 0 70 68 2 68
70 0 71 69 2 69
71 0 72 70 2 70
72 0 73 71 2 71
73 0 74 72 2 72
74 0 75 73 2 73
75 0 76 74 2 74
76 0 77 75 2 75
77 0 78 76 2 76
78 0 79 77 2 77
79 0 80 78 2 78
80 0 81 79 2 79
81 0 82 80 2 80
82 0 83 81 2 81
83 0 84 82 2 82
84 0 85 83 2 83
85 0 86 84 2 84
86 0 87 85 2 85
87 0 88 86 2 86
88 0 89 87 2 87
89 0 90 88 2 88
90 0 91 89 2 89
91 0 92 90 2 90
